{"autoClear":true,"clearColor":[0.0509,0.0509,0.0509],"ambientColor":[0,0,0],"gravity":[0,-9.81,0],
"materials":[{"name":"player.PlayerTexture","id":"player.PlayerTexture","ambient":[1,1,1],"diffuse":[0.8,0.8,0.8],"specular":[0.1,0.1,0.1],"emissive":[0,0,0],"specularPower":300,"alpha":1,"backFaceCulling":true,"checkReadyOnlyOnce":true, 
"diffuseTexture":{"name":"player_tex.png","level":1,"hasAlpha":1,"coordinatesMode":0,"uOffset":0,"vOffset":0,"uScale":1,"vScale":1,"uAng":0,"vAng":0,"wAng":0,"wrapU":1,"wrapV":1,"coordinatesIndex":0}}],
"multiMaterials":[],
"skeletons":[{"name":"Armature","id":0,"bones":[
{"name":"Spine0","index":0,"matrix":[1,0,0,0,0,1,0,0,0,0,-1,0,0.0198,0.6781,0.0533,1],"parentBoneIndex":-1,"animation":{"dataType":3,"framePerSecond":24,"keys":[{"frame":1,"values":[1,0,0,0,0,1,0,0,0,0,-1,0,0.0201,0.675,0.0457,1]},{"frame":2,"values":[1,0,0,0,0,1,0,0,0,0,-1,0,0.0207,0.6663,0.0244,1]},{"frame":3,"values":[1,0,0,0,0,1,0,0,0,0,-1,0,0.0214,0.6552,-0.0029,1]},{"frame":4,"values":[1,0,0,0,0,1,0,0,0,0,-1,0,0.022,0.6465,-0.0242,1]},{"frame":5,"values":[1,0,0,0,0,1,0,0,0,0,-1,0,0.0222,0.6434,-0.0318,1]},{"frame":6,"values":[1,0,0,0,0,1,0,0,0,0,-1,0,0.022,0.6465,-0.0242,1]},{"frame":7,"values":[1,0,0,0,0,1,0,0,0,0,-1,0,0.0214,0.6552,-0.0029,1]},{"frame":8,"values":[1,0,0,0,0,1,0,0,0,0,-1,0,0.0207,0.6663,0.0244,1]},{"frame":9,"values":[1,0,0,0,0,1,0,0,0,0,-1,0,0.0201,0.675,0.0457,1]},{"frame":10,"values":[1,0,0,0,0,1,0,0,0,0,-1,0,0.0198,0.6781,0.0533,1]}],"loopBehavior":1,"name":"anim","property":"_matrix"}},
{"name":"Spine1","index":1,"matrix":[0.9991,0.042,-0.0078,0,-0.0404,0.988,0.1488,0,0.0139,-0.1484,0.9888,0,0,0.1509,0,1],"parentBoneIndex":0,"animation":{"dataType":3,"framePerSecond":24,"keys":[{"frame":1,"values":[0.9991,0.042,-0.0078,0,-0.0404,0.988,0.1488,0,0.0139,-0.1484,0.9888,0,0,0.1509,0,1]},{"frame":2,"values":[0.9992,0.0387,0.0015,0,-0.0387,0.995,0.0926,0,0.0021,-0.0926,0.9957,0,0,0.1509,0,1]},{"frame":3,"values":[0.9993,0.0352,0.0138,0,-0.0355,0.9992,0.0199,0,-0.013,-0.0204,0.9997,0,0,0.1509,0,1]},{"frame":4,"values":[0.9992,0.0331,0.0234,0,-0.0322,0.9988,-0.0367,0,-0.0246,0.0359,0.9991,0,0,0.1509,0,1]},{"frame":5,"values":[0.9991,0.0325,0.0269,0,-0.0309,0.9979,-0.0567,0,-0.0287,0.0558,0.998,0,0,0.1509,0,1]},{"frame":6,"values":[0.9992,0.0331,0.0234,0,-0.0322,0.9988,-0.0367,0,-0.0246,0.0359,0.9991,0,0,0.1509,0,1]},{"frame":7,"values":[0.9993,0.0352,0.0138,0,-0.0355,0.9992,0.0199,0,-0.013,-0.0204,0.9997,0,0,0.1509,0,1]},{"frame":8,"values":[0.9992,0.0387,0.0015,0,-0.0387,0.995,0.0926,0,0.0021,-0.0926,0.9957,0,0,0.1509,0,1]},{"frame":9,"values":[0.9991,0.042,-0.0078,0,-0.0404,0.988,0.1488,0,0.0139,-0.1484,0.9888,0,0,0.1509,0,1]},{"frame":10,"values":[0.999,0.0433,-0.011,0,-0.0409,0.9848,0.1687,0,0.0182,-0.168,0.9856,0,0,0.1509,0,1]}],"loopBehavior":1,"name":"anim","property":"_matrix"}},
{"name":"Spine2","index":2,"matrix":[1,0.0004,-0.0017,0,-0.0004,0.9999,0.01,0,0.0017,-0.01,0.9999,0,0,0.1478,0,1],"parentBoneIndex":1,"animation":{"dataType":3,"framePerSecond":24,"keys":[{"frame":1,"values":[1,0.0004,-0.0017,0,-0.0004,0.9999,0.01,0,0.0017,-0.01,0.9999,0,0,0.1478,0,1]},{"frame":2,"values":[1,0.0016,-0.0065,0,-0.0013,0.9993,0.0383,0,0.0066,-0.0383,0.9992,0,0,0.1478,0,1]},{"frame":3,"values":[0.9999,0.0033,-0.0126,0,-0.0024,0.9972,0.0745,0,0.0128,-0.0745,0.9971,0,0,0.1478,0,1]},{"frame":4,"values":[0.9998,0.0049,-0.0173,0,-0.0031,0.9947,0.1027,0,0.0177,-0.1026,0.9946,0,0,0.1478,0,1]},{"frame":5,"values":[0.9998,0.0054,-0.0189,0,-0.0033,0.9936,0.1127,0,0.0194,-0.1126,0.9935,0,0,0.1478,0,1]},{"frame":6,"values":[0.9998,0.0049,-0.0173,0,-0.0031,0.9947,0.1027,0,0.0177,-0.1026,0.9946,0,0,0.1478,0,1]},{"frame":7,"values":[0.9999,0.0033,-0.0126,0,-0.0024,0.9972,0.0745,0,0.0128,-0.0745,0.9971,0,0,0.1478,0,1]},{"frame":8,"values":[1,0.0016,-0.0065,0,-0.0013,0.9993,0.0383,0,0.0066,-0.0383,0.9992,0,0,0.1478,0,1]},{"frame":9,"values":[1,0.0004,-0.0017,0,-0.0004,0.9999,0.01,0,0.0017,-0.01,0.9999,0,0,0.1478,0,1]},{"frame":10,"values":[1,0,0,0,0,1,0,0,0,0,1,0,0,0.1478,0,1]}],"loopBehavior":1,"name":"anim","property":"_matrix"}},
{"name":"Spine3","index":3,"matrix":[1,0,0,0,0,1,0,0,0,0,1,0,0,0.1642,0,1],"parentBoneIndex":2,"animation":{"dataType":3,"framePerSecond":24,"keys":[{"frame":1,"values":[1,0,0,0,0,1,0,0,0,0,1,0,0,0.1642,0,1]},{"frame":2,"values":[1,0,0,0,0,1,0,0,0,0,1,0,0,0.1642,0,1]},{"frame":3,"values":[1,0,0,0,0,1,0,0,0,0,1,0,0,0.1642,0,1]},{"frame":4,"values":[1,0,0,0,0,1,0,0,0,0,1,0,0,0.1642,0,1]},{"frame":5,"values":[1,0,0,0,0,1,0,0,0,0,1,0,0,0.1642,0,1]},{"frame":6,"values":[1,0,0,0,0,1,0,0,0,0,1,0,0,0.1642,0,1]},{"frame":7,"values":[1,0,0,0,0,1,0,0,0,0,1,0,0,0.1642,0,1]},{"frame":8,"values":[1,0,0,0,0,1,0,0,0,0,1,0,0,0.1642,0,1]},{"frame":9,"values":[1,0,0,0,0,1,0,0,0,0,1,0,0,0.1642,0,1]},{"frame":10,"values":[1,0,0,0,0,1,0,0,0,0,1,0,0,0.1642,0,1]}],"loopBehavior":1,"name":"anim","property":"_matrix"}},
{"name":"Neck","index":4,"matrix":[1,0,0,0,0,1,0,0,0,0,1,0,0,0.1677,0,1],"parentBoneIndex":3,"animation":{"dataType":3,"framePerSecond":24,"keys":[{"frame":1,"values":[1,0,0,0,0,1,0,0,0,0,1,0,0,0.1677,0,1]},{"frame":2,"values":[1,0,0,0,0,1,0,0,0,0,1,0,0,0.1677,0,1]},{"frame":3,"values":[1,0,0,0,0,1,0,0,0,0,1,0,0,0.1677,0,1]},{"frame":4,"values":[1,0,0,0,0,1,0,0,0,0,1,0,0,0.1677,0,1]},{"frame":5,"values":[1,0,0,0,0,1,0,0,0,0,1,0,0,0.1677,0,1]},{"frame":6,"values":[1,0,0,0,0,1,0,0,0,0,1,0,0,0.1677,0,1]},{"frame":7,"values":[1,0,0,0,0,1,0,0,0,0,1,0,0,0.1677,0,1]},{"frame":8,"values":[1,0,0,0,0,1,0,0,0,0,1,0,0,0.1677,0,1]},{"frame":9,"values":[1,0,0,0,0,1,0,0,0,0,1,0,0,0.1677,0,1]},{"frame":10,"values":[1,0,0,0,0,1,0,0,0,0,1,0,0,0.1677,0,1]}],"loopBehavior":1,"name":"anim","property":"_matrix"}},
{"name":"Head","index":5,"matrix":[1,0,0,0,0,1,0,0,0,0,1,0,0,0.1278,0,1],"parentBoneIndex":4,"animation":{"dataType":3,"framePerSecond":24,"keys":[{"frame":1,"values":[1,0,0,0,0,1,0,0,0,0,1,0,0,0.1278,0,1]},{"frame":2,"values":[1,0,0,0,0,1,0,0,0,0,1,0,0,0.1278,0,1]},{"frame":3,"values":[1,0,0,0,0,1,0,0,0,0,1,0,0,0.1278,0,1]},{"frame":4,"values":[1,0,0,0,0,1,0,0,0,0,1,0,0,0.1278,0,1]},{"frame":5,"values":[1,0,0,0,0,1,0,0,0,0,1,0,0,0.1278,0,1]},{"frame":6,"values":[1,0,0,0,0,1,0,0,0,0,1,0,0,0.1278,0,1]},{"frame":7,"values":[1,0,0,0,0,1,0,0,0,0,1,0,0,0.1278,0,1]},{"frame":8,"values":[1,0,0,0,0,1,0,0,0,0,1,0,0,0.1278,0,1]},{"frame":9,"values":[1,0,0,0,0,1,0,0,0,0,1,0,0,0.1278,0,1]},{"frame":10,"values":[1,0,0,0,0,1,0,0,0,0,1,0,0,0.1278,0,1]}],"loopBehavior":1,"name":"anim","property":"_matrix"}},
{"name":"Shoulder.r","index":6,"matrix":[0,0,-1,0,-0.9777,0.21,0,0,0.21,0.9777,0,0,0,0.1677,0,1],"parentBoneIndex":3,"animation":{"dataType":3,"framePerSecond":24,"keys":[{"frame":1,"values":[0,0,-1,0,-0.9777,0.21,0,0,0.21,0.9777,0,0,0,0.1677,0,1]},{"frame":2,"values":[0,0,-1,0,-0.9777,0.21,0,0,0.21,0.9777,0,0,0,0.1677,0,1]},{"frame":3,"values":[0,0,-1,0,-0.9777,0.21,0,0,0.21,0.9777,0,0,0,0.1677,0,1]},{"frame":4,"values":[0,0,-1,0,-0.9777,0.21,0,0,0.21,0.9777,0,0,0,0.1677,0,1]},{"frame":5,"values":[0,0,-1,0,-0.9777,0.21,0,0,0.21,0.9777,0,0,0,0.1677,0,1]},{"frame":6,"values":[0,0,-1,0,-0.9777,0.21,0,0,0.21,0.9777,0,0,0,0.1677,0,1]},{"frame":7,"values":[0,0,-1,0,-0.9777,0.21,0,0,0.21,0.9777,0,0,0,0.1677,0,1]},{"frame":8,"values":[0,0,-1,0,-0.9777,0.21,0,0,0.21,0.9777,0,0,0,0.1677,0,1]},{"frame":9,"values":[0,0,-1,0,-0.9777,0.21,0,0,0.21,0.9777,0,0,0,0.1677,0,1]},{"frame":10,"values":[0,0,-1,0,-0.9777,0.21,0,0,0.21,0.9777,0,0,0,0.1677,0,1]}],"loopBehavior":1,"name":"anim","property":"_matrix"}},
{"name":"UpperArm.r","index":7,"matrix":[0.954,0.2938,-0.0593,0,-0.0525,-0.0309,-0.9981,0,-0.2951,0.9554,-0.0141,0,0,0.3068,0,1],"parentBoneIndex":6,"animation":{"dataType":3,"framePerSecond":24,"keys":[{"frame":1,"values":[0.954,0.2938,-0.0593,0,-0.0525,-0.0309,-0.9981,0,-0.2951,0.9554,-0.0141,0,0,0.3068,0,1]},{"frame":2,"values":[0.939,0.2915,-0.1824,0,-0.1831,-0.0251,-0.9828,0,-0.291,0.9563,0.0298,0,0,0.3068,0,1]},{"frame":3,"values":[0.8961,0.2896,-0.3365,0,-0.3466,-0.0172,-0.9379,0,-0.2774,0.957,0.0849,0,0,0.3068,0,1]},{"frame":4,"values":[0.8452,0.289,-0.4495,0,-0.4666,-0.0109,-0.8844,0,-0.2605,0.9573,0.1256,0,0,0.3068,0,1]},{"frame":5,"values":[0.8238,0.289,-0.4876,0,-0.5071,-0.0087,-0.8619,0,-0.2533,0.9573,0.1394,0,0,0.3068,0,1]},{"frame":6,"values":[0.8452,0.289,-0.4495,0,-0.4666,-0.0109,-0.8844,0,-0.2605,0.9573,0.1256,0,0,0.3068,0,1]},{"frame":7,"values":[0.8961,0.2896,-0.3365,0,-0.3466,-0.0172,-0.9379,0,-0.2774,0.957,0.0849,0,0,0.3068,0,1]},{"frame":8,"values":[0.939,0.2915,-0.1824,0,-0.1831,-0.0251,-0.9828,0,-0.291,0.9563,0.0298,0,0,0.3068,0,1]},{"frame":9,"values":[0.954,0.2938,-0.0593,0,-0.0525,-0.0309,-0.9981,0,-0.2951,0.9554,-0.0141,0,0,0.3068,0,1]},{"frame":10,"values":[0.9554,0.2947,-0.0157,0,-0.0062,-0.0329,-0.9994,0,-0.2951,0.955,-0.0296,0,0,0.3068,0,1]}],"loopBehavior":1,"name":"anim","property":"_matrix"}},
{"name":"LowerArm.r","index":8,"matrix":[-0.1696,-0.1402,-0.9755,0,-0.4636,0.8848,-0.0466,0,0.8697,0.4443,-0.2151,0,0,0.3586,0,1],"parentBoneIndex":7,"animation":{"dataType":3,"framePerSecond":24,"keys":[{"frame":1,"values":[-0.1696,-0.1402,-0.9755,0,-0.4636,0.8848,-0.0466,0,0.8697,0.4443,-0.2151,0,0,0.3586,0,1]},{"frame":2,"values":[-0.0904,-0.1672,-0.9818,0,-0.531,0.8421,-0.0946,0,0.8426,0.5127,-0.1649,0,0,0.3586,0,1]},{"frame":3,"values":[0.0149,-0.1922,-0.9813,0,-0.607,0.7781,-0.1616,0,0.7946,0.598,-0.1051,0,0,0.3586,0,1]},{"frame":4,"values":[0.0977,-0.2036,-0.9742,0,-0.6568,0.7222,-0.2168,0,0.7477,0.6611,-0.0631,0,0,0.3586,0,1]},{"frame":5,"values":[0.127,-0.2059,-0.9703,0,-0.6724,0.7013,-0.2369,0,0.7292,0.6825,-0.0494,0,0,0.3586,0,1]},{"frame":6,"values":[0.0977,-0.2036,-0.9742,0,-0.6568,0.7222,-0.2168,0,0.7477,0.6611,-0.0631,0,0,0.3586,0,1]},{"frame":7,"values":[0.0149,-0.1922,-0.9813,0,-0.607,0.7781,-0.1616,0,0.7946,0.598,-0.1051,0,0,0.3586,0,1]},{"frame":8,"values":[-0.0904,-0.1672,-0.9818,0,-0.531,0.8421,-0.0946,0,0.8426,0.5127,-0.1649,0,0,0.3586,0,1]},{"frame":9,"values":[-0.1696,-0.1402,-0.9755,0,-0.4636,0.8848,-0.0466,0,0.8697,0.4443,-0.2151,0,0,0.3586,0,1]},{"frame":10,"values":[-0.1968,-0.1292,-0.9719,0,-0.4383,0.8983,-0.0306,0,0.877,0.4199,-0.2334,0,0,0.3586,0,1]}],"loopBehavior":1,"name":"anim","property":"_matrix"}},
{"name":"Shoulder.l","index":9,"matrix":[0,0,1,0,0.9777,0.21,0,0,-0.21,0.9777,0,0,0,0.1677,0,1],"parentBoneIndex":3,"animation":{"dataType":3,"framePerSecond":24,"keys":[{"frame":1,"values":[0,0,1,0,0.9777,0.21,0,0,-0.21,0.9777,0,0,0,0.1677,0,1]},{"frame":2,"values":[0,0,1,0,0.9777,0.21,0,0,-0.21,0.9777,0,0,0,0.1677,0,1]},{"frame":3,"values":[0,0,1,0,0.9777,0.21,0,0,-0.21,0.9777,0,0,0,0.1677,0,1]},{"frame":4,"values":[0,0,1,0,0.9777,0.21,0,0,-0.21,0.9777,0,0,0,0.1677,0,1]},{"frame":5,"values":[0,0,1,0,0.9777,0.21,0,0,-0.21,0.9777,0,0,0,0.1677,0,1]},{"frame":6,"values":[0,0,1,0,0.9777,0.21,0,0,-0.21,0.9777,0,0,0,0.1677,0,1]},{"frame":7,"values":[0,0,1,0,0.9777,0.21,0,0,-0.21,0.9777,0,0,0,0.1677,0,1]},{"frame":8,"values":[0,0,1,0,0.9777,0.21,0,0,-0.21,0.9777,0,0,0,0.1677,0,1]},{"frame":9,"values":[0,0,1,0,0.9777,0.21,0,0,-0.21,0.9777,0,0,0,0.1677,0,1]},{"frame":10,"values":[0,0,1,0,0.9777,0.21,0,0,-0.21,0.9777,0,0,0,0.1677,0,1]}],"loopBehavior":1,"name":"anim","property":"_matrix"}},
{"name":"UpperArm.l","index":10,"matrix":[0.9131,-0.2382,0.3308,0,0.3348,-0.0245,-0.942,0,0.2325,0.9709,0.0574,0,0,0.3068,0,1],"parentBoneIndex":9,"animation":{"dataType":3,"framePerSecond":24,"keys":[{"frame":1,"values":[0.9131,-0.2382,0.3308,0,0.3348,-0.0245,-0.942,0,0.2325,0.9709,0.0574,0,0,0.3068,0,1]},{"frame":2,"values":[0.9414,-0.2701,0.2022,0,0.2163,0.0233,-0.976,0,0.2589,0.9626,0.0804,0,0,0.3068,0,1]},{"frame":3,"values":[0.9531,-0.301,0.0306,0,0.0604,0.0902,-0.9941,0,0.2965,0.9493,0.1042,0,0,0.3068,0,1]},{"frame":4,"values":[0.9429,-0.3166,-0.1036,0,-0.0598,0.1449,-0.9876,0,0.3277,0.9374,0.1177,0,0,0.3068,0,1]},{"frame":5,"values":[0.9353,-0.3202,-0.1505,0,-0.1016,0.1645,-0.9811,0,0.3389,0.933,0.1213,0,0,0.3068,0,1]},{"frame":6,"values":[0.9429,-0.3166,-0.1036,0,-0.0598,0.1449,-0.9876,0,0.3277,0.9374,0.1177,0,0,0.3068,0,1]},{"frame":7,"values":[0.9531,-0.301,0.0306,0,0.0604,0.0902,-0.9941,0,0.2965,0.9493,0.1042,0,0,0.3068,0,1]},{"frame":8,"values":[0.9414,-0.2701,0.2022,0,0.2163,0.0233,-0.976,0,0.2589,0.9626,0.0804,0,0,0.3068,0,1]},{"frame":9,"values":[0.9131,-0.2382,0.3308,0,0.3348,-0.0245,-0.942,0,0.2325,0.9709,0.0574,0,0,0.3068,0,1]},{"frame":10,"values":[0.8993,-0.2255,0.3746,0,0.3756,-0.0403,-0.9259,0,0.2239,0.9734,0.0484,0,0,0.3068,0,1]}],"loopBehavior":1,"name":"anim","property":"_matrix"}},
{"name":"LowerArm.l","index":11,"matrix":[-0.1462,0.297,0.9436,0,0.762,0.6421,-0.084,0,-0.6308,0.7068,-0.3202,0,0,0.3586,0,1],"parentBoneIndex":10,"animation":{"dataType":3,"framePerSecond":24,"keys":[{"frame":1,"values":[-0.1462,0.297,0.9436,0,0.762,0.6421,-0.084,0,-0.6308,0.7068,-0.3202,0,0,0.3586,0,1]},{"frame":2,"values":[-0.0986,0.3305,0.9386,0,0.7353,0.6597,-0.155,0,-0.6705,0.6749,-0.3081,0,0,0.3586,0,1]},{"frame":3,"values":[-0.0395,0.3752,0.9261,0,0.694,0.6771,-0.2447,0,-0.7189,0.6331,-0.2871,0,0,0.3586,0,1]},{"frame":4,"values":[0.0044,0.4109,0.9117,0,0.6568,0.6863,-0.3125,0,-0.7541,0.6001,-0.2669,0,0,0.3586,0,1]},{"frame":5,"values":[0.0194,0.4237,0.9056,0,0.6425,0.6887,-0.336,0,-0.766,0.5884,-0.2589,0,0,0.3586,0,1]},{"frame":6,"values":[0.0044,0.4109,0.9117,0,0.6568,0.6863,-0.3125,0,-0.7541,0.6001,-0.2669,0,0,0.3586,0,1]},{"frame":7,"values":[-0.0395,0.3752,0.9261,0,0.694,0.6771,-0.2447,0,-0.7189,0.6331,-0.2871,0,0,0.3586,0,1]},{"frame":8,"values":[-0.0986,0.3305,0.9386,0,0.7353,0.6597,-0.155,0,-0.6705,0.6749,-0.3081,0,0,0.3586,0,1]},{"frame":9,"values":[-0.1462,0.297,0.9436,0,0.762,0.6421,-0.084,0,-0.6308,0.7068,-0.3202,0,0,0.3586,0,1]},{"frame":10,"values":[-0.1634,0.2855,0.9444,0,0.7703,0.6349,-0.0587,0,-0.6164,0.7179,-0.3236,0,0,0.3586,0,1]}],"loopBehavior":1,"name":"anim","property":"_matrix"}},
{"name":"Pelvis.l","index":12,"matrix":[0.0111,0.3107,-0.9504,0,0.8321,-0.53,-0.1635,0,0.5545,0.789,0.2644,0,0.005,0.6921,-0.0013,1],"parentBoneIndex":-1,"animation":{"dataType":3,"framePerSecond":24,"keys":[{"frame":1,"values":[0.0111,0.3107,-0.9504,0,0.8321,-0.53,-0.1635,0,0.5545,0.789,0.2644,0,0.005,0.6921,-0.0013,1]},{"frame":10,"values":[0.0111,0.3107,-0.9504,0,0.8321,-0.53,-0.1635,0,0.5545,0.789,0.2644,0,0.005,0.6921,-0.0013,1]}],"loopBehavior":1,"name":"anim","property":"_matrix"}},
{"name":"UpperLeg.l","index":13,"matrix":[-0.8734,-0.2863,0.394,0,-0.4869,0.5291,-0.695,0,-0.0095,-0.7988,-0.6015,0,0,0.1528,0,1],"parentBoneIndex":12,"animation":{"dataType":3,"framePerSecond":24,"keys":[{"frame":1,"values":[-0.8734,-0.2863,0.394,0,-0.4869,0.5291,-0.695,0,-0.0095,-0.7988,-0.6015,0,0,0.1528,0,1]},{"frame":2,"values":[-0.965,-0.1172,0.2345,0,-0.2587,0.5703,-0.7796,0,-0.0424,-0.8131,-0.5806,0,0,0.1528,0,1]},{"frame":3,"values":[-0.9938,0.1107,0.0022,0,0.0605,0.5594,-0.8267,0,-0.0928,-0.8215,-0.5626,0,0,0.1528,0,1]},{"frame":4,"values":[-0.9445,0.2757,-0.1787,0,0.3001,0.5022,-0.811,0,-0.1338,-0.8196,-0.5571,0,0,0.1528,0,1]},{"frame":5,"values":[-0.9136,0.3286,-0.2395,0,0.3787,0.4734,-0.7953,0,-0.1479,-0.8173,-0.5569,0,0,0.1528,0,1]},{"frame":6,"values":[-0.9445,0.2757,-0.1787,0,0.3001,0.5022,-0.811,0,-0.1338,-0.8196,-0.5571,0,0,0.1528,0,1]},{"frame":7,"values":[-0.9938,0.1107,0.0022,0,0.0605,0.5594,-0.8267,0,-0.0928,-0.8215,-0.5626,0,0,0.1528,0,1]},{"frame":8,"values":[-0.965,-0.1172,0.2345,0,-0.2587,0.5703,-0.7796,0,-0.0424,-0.8131,-0.5806,0,0,0.1528,0,1]},{"frame":9,"values":[-0.8734,-0.2863,0.394,0,-0.4869,0.5291,-0.695,0,-0.0095,-0.7988,-0.6015,0,0,0.1528,0,1]},{"frame":10,"values":[-0.8289,-0.3413,0.4432,0,-0.5594,0.5054,-0.657,0,0.0003,-0.7925,-0.6098,0,0,0.1528,0,1]}],"loopBehavior":1,"name":"anim","property":"_matrix"}},
{"name":"LowerLeg.l","index":14,"matrix":[-0.9986,0.051,-0.0148,0,0.0517,0.9973,-0.0522,0,0.0121,-0.0529,-0.9985,0,0,0.3785,0,1],"parentBoneIndex":13,"animation":{"dataType":3,"framePerSecond":24,"keys":[{"frame":1,"values":[-0.9986,0.051,-0.0148,0,0.0517,0.9973,-0.0522,0,0.0121,-0.0529,-0.9985,0,0,0.3785,0,1]},{"frame":2,"values":[-0.9413,0.3317,-0.0629,0,0.3352,0.9405,-0.0557,0,0.0407,-0.0735,-0.9965,0,0,0.3785,0,1]},{"frame":3,"values":[-0.7456,0.6547,-0.124,0,0.663,0.7476,-0.0391,0,0.0671,-0.1113,-0.9915,0,0,0.3785,0,1]},{"frame":4,"values":[-0.5226,0.8367,-0.1634,0,0.8491,0.5281,-0.0118,0,0.0764,-0.1449,-0.9865,0,0,0.3785,0,1]},{"frame":5,"values":[-0.4356,0.883,-0.1748,0,0.8968,0.4424,0,0,0.0773,-0.1568,-0.9846,0,0,0.3785,0,1]},{"frame":6,"values":[-0.5226,0.8367,-0.1634,0,0.8491,0.5281,-0.0118,0,0.0764,-0.1449,-0.9865,0,0,0.3785,0,1]},{"frame":7,"values":[-0.7456,0.6547,-0.124,0,0.663,0.7476,-0.0391,0,0.0671,-0.1113,-0.9915,0,0,0.3785,0,1]},{"frame":8,"values":[-0.9413,0.3317,-0.0629,0,0.3352,0.9405,-0.0557,0,0.0407,-0.0735,-0.9965,0,0,0.3785,0,1]},{"frame":9,"values":[-0.9986,0.051,-0.0148,0,0.0517,0.9973,-0.0522,0,0.0121,-0.0529,-0.9985,0,0,0.3785,0,1]},{"frame":10,"values":[-0.9989,-0.047,0.001,0,-0.047,0.9977,-0.0479,0,0.0012,-0.0479,-0.9989,0,0,0.3785,0,1]}],"loopBehavior":1,"name":"anim","property":"_matrix"}},
{"name":"Pelvis.r","index":15,"matrix":[0,0,1,0,-0.8901,-0.4557,0,0,-0.4557,0.8901,0,0,0.005,0.6921,-0.0013,1],"parentBoneIndex":-1,"animation":{"dataType":3,"framePerSecond":24,"keys":[{"frame":1,"values":[0,0,1,0,-0.8901,-0.4557,0,0,-0.4557,0.8901,0,0,0.005,0.6921,-0.0013,1]},{"frame":10,"values":[0,0,1,0,-0.8901,-0.4557,0,0,-0.4557,0.8901,0,0,0.005,0.6921,-0.0013,1]}],"loopBehavior":1,"name":"anim","property":"_matrix"}},
{"name":"UpperLeg.r","index":16,"matrix":[-0.8431,-0.2833,0.4571,0,-0.526,0.6117,-0.5909,0,-0.1122,-0.7386,-0.6647,0,0,0.1528,0,1],"parentBoneIndex":15,"animation":{"dataType":3,"framePerSecond":24,"keys":[{"frame":1,"values":[-0.8431,-0.2833,0.4571,0,-0.526,0.6117,-0.5909,0,-0.1122,-0.7386,-0.6647,0,0,0.1528,0,1]},{"frame":2,"values":[-0.9289,-0.2015,0.3107,0,-0.3652,0.6373,-0.6786,0,-0.0613,-0.7438,-0.6656,0,0,0.1528,0,1]},{"frame":3,"values":[-0.9907,-0.0911,0.1015,0,-0.1363,0.6474,-0.7498,0,0.0027,-0.7567,-0.6538,0,0,0.1528,0,1]},{"frame":4,"values":[-0.9977,-0.007,-0.067,0,0.0472,0.6369,-0.7695,0,0.0481,-0.7709,-0.6351,0,0,0.1528,0,1]},{"frame":5,"values":[-0.9918,0.0215,-0.126,0,0.1114,0.6296,-0.7689,0,0.0628,-0.7766,-0.6268,0,0,0.1528,0,1]},{"frame":6,"values":[-0.9977,-0.007,-0.067,0,0.0472,0.6369,-0.7695,0,0.0481,-0.7709,-0.6351,0,0,0.1528,0,1]},{"frame":7,"values":[-0.9907,-0.0911,0.1015,0,-0.1363,0.6474,-0.7498,0,0.0027,-0.7567,-0.6538,0,0,0.1528,0,1]},{"frame":8,"values":[-0.9289,-0.2015,0.3107,0,-0.3652,0.6373,-0.6786,0,-0.0613,-0.7438,-0.6656,0,0,0.1528,0,1]},{"frame":9,"values":[-0.8431,-0.2833,0.4571,0,-0.526,0.6117,-0.5909,0,-0.1122,-0.7386,-0.6647,0,0,0.1528,0,1]},{"frame":10,"values":[-0.8059,-0.3107,0.504,0,-0.5777,0.5992,-0.5543,0,-0.1298,-0.7378,-0.6624,0,0,0.1528,0,1]}],"loopBehavior":1,"name":"anim","property":"_matrix"}},
{"name":"Lowerleg.r","index":17,"matrix":[-0.925,-0.3531,-0.14,0,-0.377,0.8988,0.2236,0,0.0469,0.2596,-0.9646,0,0,0.3785,0,1],"parentBoneIndex":16,"animation":{"dataType":3,"framePerSecond":24,"keys":[{"frame":1,"values":[-0.925,-0.3531,-0.14,0,-0.377,0.8988,0.2236,0,0.0469,0.2596,-0.9646,0,0,0.3785,0,1]},{"frame":2,"values":[-0.9649,-0.2449,-0.0949,0,-0.2593,0.9457,0.1959,0,0.0418,0.2136,-0.976,0,0,0.3785,0,1]},{"frame":3,"values":[-0.9944,-0.097,-0.042,0,-0.1023,0.9831,0.1517,0,0.0266,0.1551,-0.9875,0,0,0.3785,0,1]},{"frame":4,"values":[-0.9998,0.0215,-0.0061,0,0.0206,0.9935,0.1116,0,0.0084,0.1115,-0.9937,0,0,0.3785,0,1]},{"frame":5,"values":[-0.998,0.0635,0.0054,0,0.0637,0.9933,0.0964,0,0.0008,0.0966,-0.9953,0,0,0.3785,0,1]},{"frame":6,"values":[-0.9998,0.0215,-0.0061,0,0.0206,0.9935,0.1116,0,0.0084,0.1115,-0.9937,0,0,0.3785,0,1]},{"frame":7,"values":[-0.9944,-0.097,-0.042,0,-0.1023,0.9831,0.1517,0,0.0266,0.1551,-0.9875,0,0,0.3785,0,1]},{"frame":8,"values":[-0.9649,-0.2449,-0.0949,0,-0.2593,0.9457,0.1959,0,0.0418,0.2136,-0.976,0,0,0.3785,0,1]},{"frame":9,"values":[-0.925,-0.3531,-0.14,0,-0.377,0.8988,0.2236,0,0.0469,0.2596,-0.9646,0,0,0.3785,0,1]},{"frame":10,"values":[-0.9076,-0.3895,-0.1566,0,-0.4172,0.8787,0.2319,0,0.0473,0.2758,-0.96,0,0,0.3785,0,1]}],"loopBehavior":1,"name":"anim","property":"_matrix"}}]}],
"meshes":[{"name":"Player","id":"Player","materialId":"player.PlayerTexture","billboardMode":0,"position":[0,0,0],"rotation":[0,0,0],"scaling":[1,1,1],"isVisible":true,"freezeWorldMatrix":false,"isEnabled":true,"useFlatShading":false,"checkCollisions":true,"receiveShadows":false,"skeletonId":0
